5.235988e-01 1.764748e+00 1.619854e+00 1.813806e+00 2.805890e-01 4.382742e+00 2.337405e+00 4.663331e+00 1.900443e+00 0.000000e+00 0.000000e+00 0.000000e+00 0.000000e+00 0.000000e+00 0.000000e+00 0.000000e+00 0.000000e+00 0.000000e+00 0.000000e+00 
5.389664e-01 1.769175e+00 1.608164e+00 1.806543e+00 3.032197e-01 4.371801e+00 2.330142e+00 4.675021e+00 1.911384e+00 3.049788e+00 9.112863e-01 -2.349592e+00 -1.438305e+00 4.488093e+00 -2.138501e+00 -1.438305e+00 2.349592e+00 2.138501e+00 -4.114834e+00 
5.841677e-01 1.784098e+00 1.572053e+00 1.785354e+00 3.696096e-01 4.341523e+00 2.308953e+00 4.711133e+00 1.941662e+00 5.968920e+00 2.156299e+00 -4.937842e+00 -2.781544e+00 8.750464e+00 -3.812622e+00 -2.781544e+00 4.937842e+00 3.812622e+00 -1.549809e+01 
6.577853e-01 1.814351e+00 1.507778e+00 1.751333e+00 4.772488e-01 4.298158e+00 2.274932e+00 4.775407e+00 1.985027e+00 8.716489e+00 4.011661e+00 -8.009252e+00 -3.997591e+00 1.271408e+01 -4.704828e+00 -3.997591e+00 8.009252e+00 4.704828e+00 -3.256257e+01 
7.573168e-01 1.866666e+00 1.410125e+00 1.705995e+00 6.221177e-01 4.250942e+00 2.229594e+00 4.873060e+00 2.032243e+00 1.110444e+01 6.555546e+00 -1.159195e+01 -5.036404e+00 1.614084e+01 -4.548892e+00 -5.036404e+00 1.159195e+01 4.548892e+00 -5.327171e+01 
8.775423e-01 1.947045e+00 1.275075e+00 1.651323e+00 7.970155e-01 4.211095e+00 2.174922e+00 5.008110e+00 2.072090e+00 1.278817e+01 9.562164e+00 -1.542394e+01 -5.861774e+00 1.864995e+01 -3.226008e+00 -5.861774e+00 1.542394e+01 3.226008e+00 -7.490894e+01 
1.009368e+00 2.057765e+00 1.102458e+00 1.589426e+00 9.907383e-01 4.189989e+00 2.113025e+00 5.180728e+00 2.093196e+00 1.336192e+01 1.252499e+01 -1.901359e+01 -6.488595e+00 1.985052e+01 -8.369290e-01 -6.488595e+00 1.901359e+01 8.369290e-01 -9.424937e+01 
1.140037e+00 2.195444e+00 8.973896e-01 1.522037e+00 1.188796e+00 4.197000e+00 2.045636e+00 5.385796e+00 2.086185e+00 1.251971e+01 1.486164e+01 -2.182946e+01 -6.967818e+00 1.948753e+01 2.341935e+00 -6.967818e+00 2.182946e+01 -2.341935e+00 -1.082530e+02 
1.254797e+00 2.351357e+00 6.699631e-01 1.450524e+00 1.375069e+00 4.238153e+00 1.974123e+00 5.613222e+00 2.045032e+00 1.019998e+01 1.611286e+01 -2.341974e+01 -7.306883e+00 1.750686e+01 5.912881e+00 -7.306883e+00 2.341974e+01 -5.912881e+00 -1.148397e+02 
1.340275e+00 2.513395e+00 4.340502e-01 1.376649e+00 1.534422e+00 4.314713e+00 1.900248e+00 5.849135e+00 1.968473e+00 6.770287e+00 1.608758e+01 -2.350845e+01 -7.420870e+00 1.419116e+01 9.317290e+00 -7.420870e+00 2.350845e+01 -9.317290e+00 -1.134388e+02 
1.389235e+00 2.669512e+00 2.044852e-01 1.303201e+00 1.656831e+00 4.421869e+00 1.826799e+00 6.078700e+00 1.861316e+00 3.056510e+00 1.499699e+01 -2.220787e+01 -7.210887e+00 1.026740e+01 1.194048e+01 -7.210887e+00 2.220787e+01 -1.194048e+01 -1.050740e+02 
1.403331e+00 2.811480e+00 -7.178108e-03 1.233505e+00 1.740622e+00 4.549741e+00 1.757104e+00 6.290363e+00 1.733444e+00 -9.726523e-02 1.334660e+01 -2.002843e+01 -6.681828e+00 6.584563e+00 1.344387e+01 -6.681828e+00 2.002843e+01 -1.344387e+01 -9.182594e+01 
1.390522e+00 2.936086e+00 -1.949857e-01 1.170304e+00 1.791014e+00 4.687157e+00 1.693903e+00 6.478171e+00 1.596028e+00 -2.299076e+00 1.157815e+01 -1.750913e+01 -5.930978e+00 3.631902e+00 1.387722e+01 -5.930978e+00 1.750913e+01 -1.387722e+01 -7.591936e+01 
1.360490e+00 3.043321e+00 -3.572569e-01 1.115268e+00 1.816018e+00 4.824424e+00 1.638867e+00 6.640442e+00 1.458761e+00 -3.564126e+00 9.886963e+00 -1.495135e+01 -5.064390e+00 1.500264e+00 1.345109e+01 -5.064389e+00 1.495135e+01 -1.345109e+01 -5.924355e+01 
1.321791e+00 3.134158e+00 -4.942196e-01 1.069143e+00 1.823445e+00 4.953960e+00 1.592741e+00 6.777405e+00 1.329225e+00 -4.063428e+00 8.294094e+00 -1.245322e+01 -4.159128e+00 9.569999e-02 1.235752e+01 -4.159128e+00 1.245322e+01 -1.235752e+01 -4.324968e+01 
1.281173e+00 3.209401e+00 -6.065652e-01 1.032039e+00 1.819930e+00 5.069820e+00 1.555638e+00 6.889751e+00 1.213365e+00 -3.976058e+00 6.759320e+00 -1.002666e+01 -3.267341e+00 -7.087165e-01 1.073538e+01 -3.267341e+00 1.002666e+01 -1.073538e+01 -2.902883e+01 
1.243708e+00 3.269401e+00 -6.949748e-01 1.003630e+00 1.810874e+00 5.167286e+00 1.527229e+00 6.978160e+00 1.115899e+00 -3.456232e+00 5.242272e+00 -7.666823e+00 -2.424551e+00 -1.031680e+00 8.698503e+00 -2.424551e+00 7.666823e+00 -8.698503e+00 -1.735179e+01 
1.213038e+00 3.314253e+00 -7.601463e-01 9.833105e-01 1.800524e+00 5.242808e+00 1.506909e+00 7.043332e+00 1.040378e+00 -2.639397e+00 3.729567e+00 -5.382031e+00 -1.652464e+00 -9.869332e-01 6.368964e+00 -1.652464e+00 5.382031e+00 -6.368964e+00 -8.666770e+00 
1.191496e+00 3.344059e+00 -8.029436e-01 9.703193e-01 1.791973e+00 5.294156e+00 1.493918e+00 7.086129e+00 9.890290e-01 -1.650450e+00 2.237922e+00 -3.196624e+00 -9.587019e-01 -6.917473e-01 3.888371e+00 -9.587017e-01 3.196624e+00 -3.888371e+00 -3.085158e+00 
1.180214e+00 3.359206e+00 -8.245199e-01 9.638894e-01 1.787121e+00 5.320584e+00 1.487488e+00 7.107705e+00 9.626012e-01 -6.053241e-01 8.048094e-01 -1.143479e+00 -3.386697e-01 -2.666539e-01 1.410133e+00 -3.386695e-01 1.143479e+00 -1.410133e+00 -4.049545e-01 
1.179240e+00 3.360496e+00 -8.263583e-01 9.633418e-01 1.786695e+00 5.322849e+00 1.486941e+00 7.109544e+00 9.603366e-01 3.957531e-01 -5.260336e-01 7.460964e-01 2.200626e-01 1.756909e-01 -9.217871e-01 2.200628e-01 -7.460964e-01 9.217871e-01 -1.785990e-01 
1.187721e+00 3.349148e+00 -8.102210e-01 9.681308e-01 1.790387e+00 5.303020e+00 1.491730e+00 7.093406e+00 9.801657e-01 1.275244e+00 -1.718473e+00 2.449133e+00 7.306591e-01 5.445848e-01 -2.993717e+00 7.306592e-01 -2.449133e+00 2.993717e+00 -1.817438e+00 
1.204166e+00 3.326659e+00 -7.780379e-01 9.778247e-01 1.797137e+00 5.264086e+00 1.501424e+00 7.061223e+00 1.019099e+00 1.981795e+00 -2.751949e+00 3.953874e+00 1.201925e+00 7.798697e-01 -4.733744e+00 1.201925e+00 -3.953874e+00 4.733744e+00 -4.696617e+00 
1.226689e+00 3.294654e+00 -7.318104e-01 9.920469e-01 1.805438e+00 5.209557e+00 1.515646e+00 7.014996e+00 1.073628e+00 2.488528e+00 -3.622507e+00 5.258766e+00 1.636260e+00 8.522685e-01 -6.111035e+00 1.636260e+00 -5.258766e+00 6.111035e+00 -8.231601e+00 
1.253244e+00 3.254723e+00 -6.735098e-01 1.010417e+00 1.813623e+00 5.143072e+00 1.534016e+00 6.956695e+00 1.140113e+00 2.787955e+00 -4.339087e+00 6.369520e+00 2.030433e+00 7.575222e-01 -7.127042e+00 2.030433e+00 -6.369520e+00 7.127042e+00 -1.192194e+01 
1.281775e+00 3.208333e+00 -6.050376e-01 1.032499e+00 1.820073e+00 5.068150e+00 1.556098e+00 6.888223e+00 1.215035e+00 2.885901e+00 -4.917338e+00 7.294988e+00 2.377650e+00 5.082516e-01 -7.803240e+00 2.377650e+00 -7.294988e+00 7.803240e+00 -1.536461e+01 
1.310338e+00 3.156782e+00 -5.281997e-01 1.057786e+00 1.823348e+00 4.988037e+00 1.581385e+00 6.811385e+00 1.295148e+00 2.796699e+00 -5.373612e+00 8.043138e+00 2.669527e+00 1.271729e-01 -8.170311e+00 2.669527e+00 -8.043138e+00 8.170311e+00 -1.825102e+01 
1.337152e+00 3.101224e+00 -4.447510e-01 1.085677e+00 1.822272e+00 4.905664e+00 1.609276e+00 6.727936e+00 1.377521e+00 2.540701e+00 -5.720156e+00 8.617557e+00 2.897401e+00 -3.566993e-01 -8.260858e+00 2.897401e+00 -8.617557e+00 8.260858e+00 -2.035763e+01 
1.360682e+00 3.042728e+00 -3.564388e-01 1.115493e+00 1.815986e+00 4.823639e+00 1.639092e+00 6.639624e+00 1.459547e+00 2.144243e+00 -5.961765e+00 9.014985e+00 3.053219e+00 -9.089752e-01 -8.106009e+00 3.053220e+00 -9.014985e+00 8.106009e+00 -2.153761e+01 
1.379681e+00 2.982349e+00 -2.650735e-01 1.146479e+00 1.803998e+00 4.744261e+00 1.670078e+00 6.548259e+00 1.538924e+00 1.640981e+00 -6.094715e+00 9.224707e+00 3.129991e+00 -1.489009e+00 -7.735697e+00 3.129991e+00 -9.224707e+00 7.735697e+00 -2.171839e+01 
1.393287e+00 2.921232e+00 -1.726236e-01 1.177812e+00 1.786271e+00 4.669538e+00 1.701411e+00 6.455809e+00 1.613647e+00 1.073848e+00 -6.107793e+00 9.230548e+00 3.122755e+00 -2.048906e+00 -7.181642e+00 3.122756e+00 -9.230548e+00 7.181642e+00 -2.090503e+01 
1.401115e+00 2.860645e+00 -8.120255e-02 1.208646e+00 1.763265e+00 4.601122e+00 1.732245e+00 6.364388e+00 1.682063e+00 4.944920e-01 -5.985669e+00 9.015359e+00 3.029689e+00 -2.535195e+00 -6.480163e+00 3.029690e+00 -9.015359e+00 6.480163e+00 -1.918200e+01 
1.403327e+00 2.802017e+00 6.906564e-03 1.238128e+00 1.735996e+00 4.540283e+00 1.761727e+00 6.276279e+00 1.742902e+00 -4.006547e-02 -5.714308e+00 8.567532e+00 2.853223e+00 -2.893286e+00 -5.674245e+00 2.853224e+00 -8.567532e+00 5.674245e+00 -1.671713e+01 
1.400642e+00 2.746877e+00 8.937564e-02 1.265457e+00 1.705982e+00 4.487827e+00 1.789055e+00 6.193810e+00 1.795358e+00 -4.764255e-01 -5.288149e+00 7.888981e+00 2.600830e+00 -3.077251e+00 -4.811729e+00 2.600832e+00 -7.888981e+00 4.811729e+00 -1.374905e+01 
1.394263e+00 2.696747e+00 1.639806e-01 1.289932e+00 1.675128e+00 4.444077e+00 1.813531e+00 6.119205e+00 1.839109e+00 -7.738555e-01 -4.714324e+00 6.998982e+00 2.284656e+00 -3.058504e+00 -3.940476e+00 2.284658e+00 -6.998982e+00 3.940476e+00 -1.056477e+01 
1.385697e+00 2.653014e+00 2.287697e-01 1.310988e+00 1.645506e+00 4.408910e+00 1.834587e+00 6.054416e+00 1.874275e+00 -9.128617e-01 -4.013945e+00 5.933970e+00 1.920021e+00 -2.832869e+00 -3.101098e+00 1.920025e+00 -5.933970e+00 3.101098e+00 -7.463387e+00 
1.376523e+00 2.616787e+00 2.822350e-01 1.328225e+00 1.619095e+00 4.381855e+00 1.851824e+00 6.000950e+00 1.901330e+00 -8.974942e-01 -3.218776e+00 4.742234e+00 1.523449e+00 -2.420914e+00 -2.321311e+00 1.523458e+00 -4.742234e+00 2.321311e+00 -4.712697e+00 
1.368182e+00 2.588831e+00 3.233704e-01 1.341404e+00 1.597575e+00 4.362240e+00 1.865003e+00 5.959815e+00 1.920945e+00 -7.521279e-01 -2.366125e+00 3.477213e+00 1.111067e+00 -1.863120e+00 -1.614072e+00 1.111088e+00 -3.477213e+00 1.614072e+00 -2.518652e+00 
1.361789e+00 2.569531e+00 3.517086e-01 1.350442e+00 1.582146e+00 4.349332e+00 1.874042e+00 5.931477e+00 1.933854e+00 -5.145275e-01 -1.493510e+00 2.191046e+00 6.974576e-01 -1.211712e+00 -9.792553e-01 6.975364e-01 -2.191046e+00 9.792553e-01 -1.000397e+00 
1.358054e+00 2.558911e+00 3.672804e-01 1.355392e+00 1.573468e+00 4.342440e+00 1.878993e+00 5.915905e+00 1.940746e+00 -2.282218e-01 -6.356739e-01 9.314225e-01 2.951983e-01 -5.215133e-01 -4.093588e-01 2.957487e-01 -9.314225e-01 4.093588e-01 -1.863716e-01 
1.357251e+00 2.556683e+00 3.705402e-01 1.356418e+00 1.571658e+00 4.340996e+00 1.880026e+00 5.912645e+00 1.942190e+00 6.635050e-02 1.831260e-01 -2.690348e-01 -8.432745e-02 1.451997e-01 1.222537e-01 -8.590888e-02 2.690348e-01 -1.222537e-01 -2.213335e-02 
1.359263e+00 2.562299e+00 3.623000e-01 1.353802e+00 1.576262e+00 4.344625e+00 1.877401e+00 5.920885e+00 1.938561e+00 3.282730e-01 9.261009e-01 -1.358783e+00 -4.325062e-01 7.601689e-01 5.984382e-01 -4.326824e-01 1.358783e+00 -5.984382e-01 -3.883608e-01 
1.363622e+00 2.574904e+00 3.437990e-01 1.347906e+00 1.586513e+00 4.352873e+00 1.871505e+00 5.939386e+00 1.930312e+00 5.320746e-01 1.578271e+00 -2.317634e+00 -7.393291e-01 1.271287e+00 1.046313e+00 -7.393628e-01 2.317634e+00 -1.046313e+00 -1.118907e+00 
1.369655e+00 2.593510e+00 3.164561e-01 1.339169e+00 1.601283e+00 4.365447e+00 1.862768e+00 5.966729e+00 1.917738e+00 6.613596e-01 2.124150e+00 -3.123996e+00 -9.998342e-01 1.661155e+00 1.462829e+00 -9.998453e-01 3.123996e+00 -1.462829e+00 -2.035631e+00 
1.376582e+00 2.616997e+00 2.818785e-01 1.328079e+00 1.619300e+00 4.382007e+00 1.851678e+00 6.001307e+00 1.901179e+00 7.110479e-01 2.553234e+00 -3.762819e+00 -1.209580e+00 1.920611e+00 1.842203e+00 -1.209585e+00 3.762819e+00 -1.842203e+00 -2.968787e+00 
1.383628e+00 2.644169e+00 2.417831e-01 1.315156e+00 1.639268e+00 4.402134e+00 1.838755e+00 6.041402e+00 1.881052e+00 6.865780e-01 2.860835e+00 -4.226745e+00 -1.365908e+00 2.052477e+00 2.174266e+00 -1.365911e+00 4.226745e+00 -2.174266e+00 -3.776910e+00 
1.390112e+00 2.673812e+00 1.979254e-01 1.300941e+00 1.659968e+00 4.425292e+00 1.824540e+00 6.085260e+00 1.857893e+00 6.017398e-01 3.048199e+00 -4.516338e+00 -1.468137e+00 2.069872e+00 2.446465e+00 -1.468139e+00 4.516338e+00 -2.446465e+00 -4.359393e+00 
1.395524e+00 2.704755e+00 1.520095e-01 1.285969e+00 1.680352e+00 4.450824e+00 1.809567e+00 6.131176e+00 1.832362e+00 4.755525e-01 3.122074e+00 -4.639701e+00 -1.517625e+00 1.993175e+00 2.646525e+00 -1.517626e+00 4.639701e+00 -2.646525e+00 -4.661792e+00 
1.399555e+00 2.735912e+00 1.056377e-01 1.270754e+00 1.699598e+00 4.477950e+00 1.794352e+00 6.177548e+00 1.805236e+00 3.288370e-01 3.093628e+00 -4.611289e+00 -1.517660e+00 1.846495e+00 2.764793e+00 -1.517661e+00 4.611289e+00 -2.764793e+00 -4.674254e+00 
1.402097e+00 2.766333e+00 6.022816e-02 1.255764e+00 1.717129e+00 4.505828e+00 1.779363e+00 6.222957e+00 1.777357e+00 1.810078e-01 2.976858e+00 -4.449979e+00 -1.473121e+00 1.654127e+00 2.795852e+00 -1.473122e+00 4.449979e+00 -2.795852e+00 -4.422970e+00 
1.403225e+00 2.795207e+00 1.700842e-02 1.241419e+00 1.732602e+00 4.533575e+00 1.765018e+00 6.266177e+00 1.749610e+00 4.790057e-02 2.787144e+00 -4.177244e+00 -1.390100e+00 1.437999e+00 2.739244e+00 -1.390100e+00 4.177244e+00 -2.739244e+00 -3.961630e+00 
1.403142e+00 2.821882e+00 -2.301727e-02 1.228069e+00 1.745869e+00 4.560333e+00 1.751668e+00 6.306203e+00 1.722852e+00 -5.950574e-02 2.539747e+00 -3.815054e+00 -1.275307e+00 1.215800e+00 2.599254e+00 -1.275307e+00 3.815054e+00 -2.599254e+00 -3.357496e+00 
1.402141e+00 2.845857e+00 -5.906471e-02 1.215996e+00 1.756941e+00 4.585309e+00 1.739595e+00 6.342250e+00 1.697876e+00 -1.352587e-01 2.249047e+00 -3.384713e+00 -1.135666e+00 1.000406e+00 2.384307e+00 -1.135666e+00 3.384713e+00 -2.384307e+00 -2.682598e+00 
1.400548e+00 2.866763e+00 -9.055049e-02 1.205416e+00 1.765928e+00 4.607808e+00 1.729015e+00 6.373736e+00 1.675378e+00 -1.778943e-01 1.928080e+00 -2.906003e+00 -9.779225e-01 8.000272e-01 2.105975e+00 -9.779228e-01 2.906003e+00 -2.105975e+00 -2.004530e+00 
1.398686e+00 2.884356e+00 -1.170827e-01 1.196477e+00 1.773005e+00 4.627263e+00 1.720076e+00 6.400268e+00 1.655923e+00 -1.895840e-01 1.588338e+00 -2.396692e+00 -8.083539e-01 6.187689e-01 1.777923e+00 -8.083542e-01 2.396692e+00 -1.777923e+00 -1.379999e+00 
1.396844e+00 2.898501e+00 -1.384353e-01 1.189269e+00 1.778371e+00 4.643250e+00 1.712868e+00 6.421621e+00 1.639936e+00 -1.750467e-01 1.239943e+00 -1.872605e+00 -6.326617e-01 4.576142e-01 1.414990e+00 -6.326620e-01 1.872605e+00 -1.414990e+00 -8.515795e-01 
1.395252e+00 2.909155e+00 -1.545315e-01 1.183828e+00 1.782221e+00 4.655496e+00 1.707426e+00 6.437717e+00 1.627689e+00 -1.405664e-01 8.916864e-01 -1.347550e+00 -4.558632e-01 3.152959e-01 1.032254e+00 -4.558635e-01 1.347550e+00 -1.032254e+00 -4.457390e-01 
1.394076e+00 2.916361e+00 -1.654236e-01 1.180141e+00 1.784731e+00 4.663878e+00 1.703740e+00 6.448609e+00 1.619307e+00 -9.309549e-02 5.512813e-01 -8.336252e-01 -2.823436e-01 1.892472e-01 6.443777e-01 -2.823439e-01 8.336252e-01 -6.443777e-01 -1.735075e-01 
1.393410e+00 2.920229e+00 -1.712758e-01 1.178157e+00 1.786049e+00 4.668412e+00 1.701756e+00 6.454461e+00 1.614774e+00 -3.952240e-02 2.253908e-01 -3.412417e-01 -1.158507e-01 7.632735e-02 2.649141e-01 -1.158510e-01 3.412417e-01 -2.649141e-01 -3.191431e-02 
1.393284e+00 2.920936e+00 -1.723504e-01 1.177790e+00 1.786291e+00 4.669245e+00 1.701388e+00 6.455536e+00 1.613941e+00 1.387899e-02 -8.019464e-02 1.205982e-01 4.040385e-02 -2.652583e-02 -9.407265e-02 4.040356e-02 -1.205982e-01 9.407265e-02 -6.683648e-03 
1.393670e+00 2.918710e+00 -1.689911e-01 1.178922e+00 1.785544e+00 4.666633e+00 1.702521e+00 6.452176e+00 1.616553e+00 6.187074e-02 -3.605659e-01 5.442893e-01 1.837237e-01 -1.218539e-01 -4.224357e-01 1.837234e-01 -5.442893e-01 4.224357e-01 -7.542908e-02 
1.394490e+00 2.913823e+00 -1.616132e-01 1.181413e+00 1.783873e+00 4.660925e+00 1.705012e+00 6.444798e+00 1.622260e+00 1.004940e-01 -6.115926e-01 9.234456e-01 3.118534e-01 -2.113604e-01 -7.120855e-01 3.118531e-01 -9.234456e-01 7.120855e-01 -2.107753e-01 
1.395640e+00 2.906587e+00 -1.506881e-01 1.185102e+00 1.781333e+00 4.652540e+00 1.708701e+00 6.433873e+00 1.630645e+00 1.272088e-01 -8.299176e-01 1.252882e+00 4.229649e-01 -2.957572e-01 -9.571252e-01 4.229645e-01 -1.252882e+00 9.571252e-01 -3.837485e-01 
1.396991e+00 2.897342e+00 -1.367349e-01 1.189811e+00 1.777976e+00 4.641944e+00 1.713410e+00 6.419920e+00 1.641241e+00 1.409022e-01 -1.012915e+00 1.528552e+00 5.156376e-01 -3.747365e-01 -1.153816e+00 5.156372e-01 -1.528552e+00 1.153816e+00 -5.664036e-01 
1.398415e+00 2.886453e+00 -1.203059e-01 1.195350e+00 1.773861e+00 4.629630e+00 1.718949e+00 6.403491e+00 1.653555e+00 1.417992e-01 -1.158682e+00 1.747549e+00 5.888672e-01 -4.470693e-01 -1.300480e+00 5.888669e-01 -1.747549e+00 1.300480e+00 -7.342840e-01 
1.399789e+00 2.874297e+00 -1.019788e-01 1.201522e+00 1.769063e+00 4.616101e+00 1.725121e+00 6.385164e+00 1.667085e+00 1.312909e-01 -1.266046e+00 1.908125e+00 6.420792e-01 -5.107898e-01 -1.397336e+00 6.420788e-01 -1.908125e+00 1.397336e+00 -8.680574e-01 
1.401010e+00 2.861261e+00 -8.233960e-02 1.208125e+00 1.763682e+00 4.601843e+00 1.731724e+00 6.365525e+00 1.681342e+00 1.116737e-01 -1.334584e+00 2.009732e+00 6.751488e-01 -5.634766e-01 -1.446256e+00 6.751483e-01 -2.009732e+00 1.446256e+00 -9.546234e-01 
1.402002e+00 2.847733e+00 -6.197804e-02 1.214959e+00 1.757839e+00 4.587324e+00 1.738558e+00 6.345163e+00 1.695861e+00 8.587106e-02 -1.364663e+00 2.053081e+00 6.884189e-01 -6.025495e-01 -1.450532e+00 6.884184e-01 -2.053081e+00 1.450532e+00 -9.875587e-01 
1.402718e+00 2.834092e+00 -4.146634e-02 1.221830e+00 1.751684e+00 4.572968e+00 1.745428e+00 6.324652e+00 1.710218e+00 5.705681e-02 -1.357474e+00 2.040172e+00 6.826991e-01 -6.256441e-01 -1.414529e+00 6.826985e-01 -2.040172e+00 1.414529e+00 -9.667607e-01 
1.403143e+00 2.820701e+00 -2.135118e-02 1.228554e+00 1.745386e+00 4.559151e+00 1.752152e+00 6.304536e+00 1.724035e+00 2.836835e-02 -1.315060e+00 1.974317e+00 6.592569e-01 -6.308906e-01 -1.343427e+00 6.592564e-01 -1.974317e+00 1.343427e+00 -8.978263e-01 
1.403295e+00 2.807899e+00 -2.141495e-03 1.234961e+00 1.739129e+00 4.546197e+00 1.758560e+00 6.285327e+00 1.736988e+00 2.559838e-03 -1.240325e+00 1.860111e+00 6.197876e-01 -6.172299e-01 -1.242882e+00 6.197870e-01 -1.860111e+00 1.242882e+00 -7.907214e-01 
1.403211e+00 2.795990e+00 1.570885e-02 1.240903e+00 1.733105e+00 4.534372e+00 1.764502e+00 6.267476e+00 1.748814e+00 -1.822454e-02 -1.136954e+00 1.703300e+00 5.663464e-01 -5.845731e-01 -1.118727e+00 5.663457e-01 -1.703300e+00 1.118727e+00 -6.582064e-01 
1.402952e+00 2.785241e+00 3.180513e-02 1.246250e+00 1.727498e+00 4.523882e+00 1.769848e+00 6.251380e+00 1.759303e+00 -3.261711e-02 -1.009382e+00 1.510684e+00 5.013023e-01 -5.339217e-01 -9.767627e-01 5.013016e-01 -1.510684e+00 9.767627e-01 -5.143542e-01 
1.402582e+00 2.775867e+00 4.582786e-02 1.250899e+00 1.722480e+00 4.514878e+00 1.774497e+00 6.237357e+00 1.768308e+00 -4.008968e-02 -8.625747e-01 1.289791e+00 4.272171e-01 -4.673091e-01 -8.224827e-01 4.272164e-01 -1.289791e+00 8.224827e-01 -3.726526e-01 
1.402172e+00 2.768035e+00 5.753365e-02 1.254773e+00 1.718195e+00 4.507456e+00 1.778371e+00 6.225652e+00 1.775729e+00 -4.091475e-02 -7.019223e-01 1.048709e+00 3.467871e-01 -3.877041e-01 -6.610053e-01 3.467864e-01 -1.048709e+00 6.610053e-01 -2.449023e-01 
1.401783e+00 2.761856e+00 6.676210e-02 1.257822e+00 1.714757e+00 4.501666e+00 1.781421e+00 6.216423e+00 1.781519e+00 -3.603316e-02 -5.329712e-01 7.956887e-01 2.627181e-01 -2.987535e-01 -4.969358e-01 2.627175e-01 -7.956887e-01 4.969358e-01 -1.399644e-01 
1.401466e+00 2.757385e+00 7.343493e-02 1.260024e+00 1.712238e+00 4.497513e+00 1.783623e+00 6.209750e+00 1.785673e+00 -2.687585e-02 -3.612559e-01 5.389129e-01 1.776576e-01 -2.045354e-01 -3.343781e-01 1.776570e-01 -5.389129e-01 3.343781e-01 -6.328689e-02 
1.401254e+00 2.754623e+00 7.755373e-02 1.261380e+00 1.710670e+00 4.494962e+00 1.784979e+00 6.205632e+00 1.788224e+00 -1.512741e-02 -1.920537e-01 2.861475e-01 9.409434e-02 -1.092236e-01 -1.769245e-01 9.409382e-02 -2.861475e-01 1.769245e-01 -1.670788e-02 
1.401166e+00 2.753519e+00 7.919512e-02 1.261918e+00 1.710044e+00 4.493947e+00 1.785517e+00 6.203990e+00 1.789239e+00 -2.515412e-03 -3.022695e-02 4.452858e-02 1.430208e-02 -1.681905e-02 -2.770998e-02 1.430163e-02 -4.452858e-02 2.770998e-02 1.260516e-03 
1.401202e+00 2.753979e+00 7.850241e-02 1.261686e+00 1.710312e+00 4.494371e+00 1.785284e+00 6.204683e+00 1.788814e+00 9.398841e-03 1.199574e-01 -1.796878e-01 -5.972998e-02 6.912753e-02 1.105599e-01 -5.973035e-02 1.796878e-01 -1.105599e-01 -5.205982e-03 
1.401347e+00 2.755868e+00 7.567698e-02 1.260749e+00 1.711395e+00 4.496113e+00 1.784347e+00 6.207508e+00 1.787072e+00 1.936388e-02 2.549267e-01 -3.812583e-01 -1.263313e-01 1.456941e-01 2.355639e-01 -1.263316e-01 3.812583e-01 -2.355639e-01 -3.004457e-02 
1.401579e+00 2.759018e+00 7.096655e-02 1.259188e+00 1.713187e+00 4.499032e+00 1.782787e+00 6.212219e+00 1.784154e+00 2.653563e-02 3.718924e-01 -5.560774e-01 -1.841848e-01 2.107196e-01 3.453576e-01 -1.841851e-01 5.560775e-01 -3.453576e-01 -6.626180e-02 
1.401867e+00 2.763239e+00 6.465446e-02 1.257097e+00 1.715566e+00 4.502965e+00 1.780696e+00 6.218531e+00 1.780221e+00 3.050763e-02 4.688759e-01 -7.012131e-01 -2.323370e-01 2.628440e-01 4.383689e-01 -2.323372e-01 7.012131e-01 -4.383689e-01 -1.068106e-01 
1.402179e+00 2.768325e+00 5.704720e-02 1.254576e+00 1.718399e+00 4.507739e+00 1.778174e+00 6.226138e+00 1.775446e+00 3.128957e-02 5.447121e-01 -8.149137e-01 -2.702015e-01 3.014906e-01 5.134230e-01 -2.702016e-01 8.149137e-01 -5.134230e-01 -1.453643e-01 
1.402484e+00 2.774061e+00 4.846305e-02 1.251728e+00 1.721551e+00 4.513171e+00 1.775327e+00 6.234722e+00 1.770015e+00 2.923785e-02 5.990042e-01 -8.965485e-01 -2.975442e-01 3.267816e-01 5.697668e-01 -2.975443e-01 8.965485e-01 -5.697668e-01 -1.768870e-01 
1.402756e+00 2.780234e+00 3.922175e-02 1.248660e+00 1.724892e+00 4.519071e+00 1.772258e+00 6.243964e+00 1.764114e+00 2.496498e-02 6.320637e-01 -9.465257e-01 -3.144620e-01 3.394266e-01 6.070990e-01 -3.144621e-01 9.465257e-01 -6.070990e-01 -1.979680e-01 
1.402978e+00 2.786635e+00 2.963384e-02 1.245473e+00 1.728301e+00 4.525250e+00 1.769071e+00 6.253551e+00 1.757935e+00 1.922392e-02 6.448131e-01 -9.661594e-01 -3.213462e-01 3.405698e-01 6.255895e-01 -3.213463e-01 9.661594e-01 -6.255895e-01 -2.069198e-01 
1.403138e+00 2.793068e+00 1.999266e-02 1.242264e+00 1.731670e+00 4.531522e+00 1.765863e+00 6.263193e+00 1.751663e+00 1.281064e-02 6.386943e-01 -9.575405e-01 -3.188461e-01 3.316564e-01 6.258840e-01 -3.188462e-01 9.575405e-01 -6.258840e-01 -2.036915e-01 
1.403235e+00 2.799352e+00 1.056834e-02 1.239124e+00 1.734906e+00 4.537710e+00 1.762723e+00 6.272617e+00 1.745475e+00 6.464963e-03 6.155564e-01 -9.233780e-01 -3.078214e-01 3.142860e-01 6.090918e-01 -3.078215e-01 9.233780e-01 -6.090918e-01 -1.895941e-01 
1.403270e+00 2.805329e+00 1.599804e-03 1.236133e+00 1.737933e+00 4.543652e+00 1.759731e+00 6.281586e+00 1.739533e+00 8.044269e-04 5.775424e-01 -8.668348e-01 -2.892922e-01 2.900962e-01 5.767384e-01 -2.892924e-01 8.668348e-01 -5.767384e-01 -1.669296e-01 
1.403254e+00 2.810861e+00 -6.705450e-03 1.233359e+00 1.740691e+00 4.549200e+00 1.756958e+00 6.289891e+00 1.733986e+00 -3.721430e-03 5.270105e-01 -7.914126e-01 -2.644020e-01 2.606801e-01 5.307324e-01 -2.644022e-01 7.914126e-01 -5.307324e-01 -1.386227e-01 
1.403200e+00 2.815836e+00 -1.417752e-02 1.230862e+00 1.743134e+00 4.554228e+00 1.754460e+00 6.297363e+00 1.728957e+00 -6.850658e-03 4.664103e-01 -7.007675e-01 -2.343570e-01 2.275058e-01 4.732616e-01 -2.343572e-01 7.007675e-01 -4.732616e-01 -1.077494e-01 
1.403122e+00 2.820164e+00 -2.068253e-02 1.228685e+00 1.745233e+00 4.558635e+00 1.752284e+00 6.303868e+00 1.724550e+00 -8.504548e-03 3.982363e-01 -5.986378e-01 -2.004013e-01 1.918961e-01 4.067415e-01 -2.004015e-01 5.986378e-01 -4.067415e-01 -7.725387e-02 
1.403035e+00 2.823783e+00 -2.612419e-02 1.226863e+00 1.746968e+00 4.562341e+00 1.750461e+00 6.309310e+00 1.720844e+00 -8.764738e-03 3.249327e-01 -4.886994e-01 -1.637665e-01 1.550011e-01 3.336982e-01 -1.637668e-01 4.886994e-01 -3.336982e-01 -4.961314e-02 
1.402951e+00 2.826653e+00 -3.044234e-02 1.225415e+00 1.748332e+00 4.565296e+00 1.749014e+00 6.313628e+00 1.717890e+00 -7.841085e-03 2.488548e-01 -3.745047e-01 -1.256496e-01 1.178077e-01 2.566968e-01 -1.256498e-01 3.745047e-01 -2.566968e-01 -2.668406e-02 
1.402881e+00 2.828758e+00 -3.361123e-02 1.224351e+00 1.749326e+00 4.567470e+00 1.747950e+00 6.316797e+00 1.715715e+00 -6.027274e-03 1.722117e-01 -2.593916e-01 -8.717971e-02 8.115151e-02 1.782399e-01 -8.717998e-02 2.593916e-01 -1.782399e-01 -9.594189e-03 
1.402832e+00 2.830103e+00 -3.563738e-02 1.223669e+00 1.749959e+00 4.568863e+00 1.747268e+00 6.318823e+00 1.714322e+00 -3.661179e-03 9.703541e-02 -1.464361e-01 -4.940039e-02 4.573818e-02 1.006976e-01 -4.940069e-02 1.464361e-01 -1.006976e-01 1.258964e-03 
1.402809e+00 2.830710e+00 -3.655637e-02 1.223357e+00 1.750247e+00 4.569495e+00 1.746956e+00 6.319742e+00 1.713691e+00 -1.081977e-03 2.514886e-02 -3.839900e-02 -1.324981e-02 1.216671e-02 2.623197e-02 -1.325014e-02 3.839901e-02 -2.623197e-02 6.134102e-03 
1.402810e+00 2.830622e+00 -3.642984e-02 1.223396e+00 1.750210e+00 4.569405e+00 1.746994e+00 6.319615e+00 1.713781e+00 1.401421e-03 -4.185354e-02 6.230392e-02 2.045074e-02 -1.905054e-02 -4.325374e-02 2.045038e-02 -6.230392e-02 4.325374e-02 5.830734e-03 
1.402835e+00 2.829894e+00 -3.534158e-02 1.223756e+00 1.749875e+00 4.568652e+00 1.747355e+00 6.318527e+00 1.714534e+00 3.537702e-03 -1.026234e-01 1.536306e-01 5.100757e-02 -4.747118e-02 -1.061598e-01 5.100718e-02 -1.536306e-01 1.061598e-01 1.519084e-03 
1.402879e+00 2.828594e+00 -3.339405e-02 1.224404e+00 1.749271e+00 4.567308e+00 1.748002e+00 6.316579e+00 1.715878e+00 5.148307e-03 -1.560674e-01 2.339270e-01 7.785999e-02 -7.271309e-02 -1.612143e-01 7.785958e-02 -2.339270e-01 1.612143e-01 -5.420239e-03 
1.402936e+00 2.826800e+00 -3.070405e-02 1.225299e+00 1.748433e+00 4.565457e+00 1.748898e+00 6.313889e+00 1.717729e+00 6.134735e-03 -2.013530e-01 3.019364e-01 1.005838e-01 -9.445059e-02 -2.074863e-01 1.005834e-01 -3.019364e-01 2.074863e-01 -1.357292e-02 
1.403000e+00 2.824596e+00 -2.739919e-02 1.226401e+00 1.747395e+00 4.563189e+00 1.749999e+00 6.310584e+00 1.719996e+00 6.476533e-03 -2.379088e-01 3.567996e-01 1.188913e-01 -1.124164e-01 -2.443837e-01 1.188909e-01 -3.567996e-01 2.443837e-01 -2.162955e-02 
1.403064e+00 2.822072e+00 -2.361345e-02 1.227662e+00 1.746198e+00 4.560601e+00 1.751261e+00 6.306799e+00 1.722584e+00 6.221979e-03 -2.654208e-01 3.980492e-01 1.326289e-01 -1.264086e-01 -2.716411e-01 1.326284e-01 -3.980492e-01 2.716411e-01 -2.850417e-02 
1.403123e+00 2.819318e+00 -1.948391e-02 1.229038e+00 1.744881e+00 4.557788e+00 1.752636e+00 6.302669e+00 1.725397e+00 5.473563e-03 -2.838244e-01 4.255958e-01 1.417719e-01 -1.363000e-01 -2.892963e-01 1.417714e-01 -4.255958e-01 2.892963e-01 -3.340775e-02 
1.403172e+00 2.816425e+00 -1.514620e-02 1.230482e+00 1.743485e+00 4.554846e+00 1.754081e+00 6.298332e+00 1.728339e+00 4.369892e-03 -2.932906e-01 4.397065e-01 1.464164e-01 -1.420483e-01 -2.976588e-01 1.464159e-01 -4.397065e-01 2.976588e-01 -3.588393e-02 
1.403209e+00 2.813481e+00 -1.073257e-02 1.231952e+00 1.742053e+00 4.551864e+00 1.755550e+00 6.293918e+00 1.731321e+00 3.066992e-03 -2.942116e-01 4.409821e-01 1.467710e-01 -1.437058e-01 -2.972768e-01 1.467705e-01 -4.409821e-01 2.972768e-01 -3.580943e-02 
1.403233e+00 2.810567e+00 -6.366443e-03 1.233405e+00 1.740624e+00 4.548927e+00 1.757003e+00 6.289552e+00 1.734258e+00 1.719106e-03 -2.871721e-01 4.303122e-01 1.431407e-01 -1.414234e-01 -2.888894e-01 1.431402e-01 -4.303122e-01 2.888894e-01 -3.334867e-02 
1.403244e+00 2.807761e+00 -2.162116e-03 1.234803e+00 1.739237e+00 4.546110e+00 1.758401e+00 6.285347e+00 1.737075e+00 4.644971e-04 -2.729342e-01 4.088515e-01 1.359179e-01 -1.354552e-01 -2.733968e-01 1.359174e-01 -4.088515e-01 2.733968e-01 -2.891055e-02 
1.403243e+00 2.805130e+00 1.778961e-03 1.236112e+00 1.737926e+00 4.543480e+00 1.759711e+00 6.281406e+00 1.739706e+00 -5.879654e-04 -2.523993e-01 3.779614e-01 1.255626e-01 -1.261524e-01 -2.518095e-01 1.255621e-01 -3.779614e-01 2.518095e-01 -2.305387e-02 
1.403233e+00 2.802731e+00 5.370544e-03 1.237305e+00 1.736724e+00 4.541091e+00 1.760904e+00 6.277815e+00 1.742094e+00 -1.364926e-03 -2.265750e-01 3.391596e-01 1.125851e-01 -1.139518e-01 -2.252082e-01 1.125846e-01 -3.391596e-01 2.252082e-01 -1.641515e-02 
1.403217e+00 2.800612e+00 8.541244e-03 1.238357e+00 1.735655e+00 4.538989e+00 1.761956e+00 6.274644e+00 1.744197e+00 -1.831727e-03 -1.965519e-01 2.940855e-01 9.753401e-02 -9.936747e-02 -1.947185e-01 9.753351e-02 -2.940854e-01 1.947185e-01 -9.635526e-03 
1.403198e+00 2.798810e+00 1.123692e-02 1.239251e+00 1.734742e+00 4.537206e+00 1.762849e+00 6.271948e+00 1.745980e+00 -1.990431e-03 -1.634552e-01 2.444266e-01 8.097188e-02 -8.296399e-02 -1.614631e-01 8.097140e-02 -2.444266e-01 1.614631e-01 -3.283223e-03 
1.403178e+00 2.797349e+00 1.342018e-02 1.239974e+00 1.734000e+00 4.535765e+00 1.763572e+00 6.269765e+00 1.747421e+00 -1.874495e-03 -1.284218e-01 1.918859e-01 6.346461e-02 -6.534071e-02 -1.265457e-01 6.346415e-02 -1.918859e-01 1.265457e-01 2.187547e-03 
1.403161e+00 2.796244e+00 1.507054e-02 1.240519e+00 1.733438e+00 4.534677e+00 1.764117e+00 6.268115e+00 1.748508e+00 -1.540723e-03 -9.255776e-02 1.381179e-01 4.556062e-02 -4.710286e-02 -9.101551e-02 4.556017e-02 -1.381179e-01 9.101551e-02 6.473430e-03 
1.403148e+00 2.795498e+00 1.618370e-02 1.240885e+00 1.733058e+00 4.533943e+00 1.764484e+00 6.267002e+00 1.749242e+00 -1.060099e-03 -5.691572e-02 8.469549e-02 2.778019e-02 -2.884173e-02 -5.585418e-02 2.777977e-02 -8.469549e-02 5.585418e-02 9.429247e-03 
1.403140e+00 2.795102e+00 1.677042e-02 1.241076e+00 1.732859e+00 4.533556e+00 1.764675e+00 6.266415e+00 1.749630e+00 -5.082229e-04 -2.246204e-02 3.306174e-02 1.060009e-02 -1.110966e-02 -2.195247e-02 1.059970e-02 -3.306174e-02 2.195247e-02 1.106248e-02 
1.403138e+00 2.795041e+00 1.685521e-02 1.241101e+00 1.732833e+00 4.533497e+00 1.764699e+00 6.266330e+00 1.749688e+00 4.326223e-05 9.940086e-03 -1.549468e-02 -5.554224e-03 5.596227e-03 9.898089e-03 -5.554592e-03 1.549468e-02 -9.898089e-03 1.150984e-02 
1.403141e+00 2.795292e+00 1.647438e-02 1.240970e+00 1.732966e+00 4.533745e+00 1.764568e+00 6.266711e+00 1.749441e+00 5.336336e-04 3.955533e-02 -5.987596e-02 -2.032029e-02 2.085275e-02 3.902287e-02 -2.032063e-02 5.987597e-02 -3.902287e-02 1.100469e-02 
1.403148e+00 2.795821e+00 1.567464e-02 1.240700e+00 1.733244e+00 4.534267e+00 1.764298e+00 6.267511e+00 1.748918e+00 9.177941e-04 6.577767e-02 -9.917697e-02 -3.339897e-02 3.431567e-02 6.486098e-02 -3.339930e-02 9.917697e-02 -6.486098e-02 9.840546e-03 
1.403158e+00 2.796594e+00 1.451013e-02 1.240308e+00 1.733646e+00 4.535029e+00 1.763907e+00 6.268675e+00 1.748156e+00 1.168739e-03 8.815049e-02 -1.327151e-01 -4.456425e-02 4.573196e-02 8.698279e-02 -4.456456e-02 1.327151e-01 -8.698279e-02 8.327776e-03 
1.403171e+00 2.797570e+00 1.304111e-02 1.239815e+00 1.734151e+00 4.535993e+00 1.763414e+00 6.270144e+00 1.747192e+00 1.277699e-03 1.063592e-01 -1.600190e-01 -5.365956e-02 5.493628e-02 1.050825e-01 -5.365984e-02 1.600190e-01 -1.050825e-01 6.764179e-03 
1.403184e+00 2.798707e+00 1.133145e-02 1.239242e+00 1.734737e+00 4.537117e+00 1.762841e+00 6.271854e+00 1.746068e+00 1.252131e-03 1.202304e-01 -1.808282e-01 -6.059751e-02 6.184872e-02 1.189792e-01 -6.059778e-02 1.808282e-01 -1.189792e-01 5.402137e-03 
1.403196e+00 2.799960e+00 9.446390e-03 1.238611e+00 1.735380e+00 4.538358e+00 1.762209e+00 6.273739e+00 1.744827e+00 1.112720e-03 1.297274e-01 -1.950856e-01 -6.535797e-02 6.646980e-02 1.286156e-01 -6.535823e-02 1.950856e-01 -1.286156e-01 4.431468e-03 
1.403206e+00 2.801287e+00 7.451177e-03 1.237942e+00 1.736059e+00 4.539675e+00 1.761541e+00 6.275734e+00 1.743510e+00 8.889887e-04 1.349374e-01 -2.029196e-01 -6.798197e-02 6.887009e-02 1.340493e-01 -6.798223e-02 2.029196e-01 -1.340493e-01 3.968654e-03 
1.403213e+00 2.802646e+00 5.408296e-03 1.237258e+00 1.736751e+00 4.541026e+00 1.760856e+00 6.277777e+00 1.742159e+00 6.148864e-04 1.360581e-01 -2.046239e-01 -6.856552e-02 6.917954e-02 1.354441e-01 -6.856578e-02 2.046239e-01 -1.354441e-01 4.057141e-03 
1.403218e+00 2.803996e+00 3.377458e-03 1.236577e+00 1.737436e+00 4.542372e+00 1.760176e+00 6.279808e+00 1.740814e+00 3.248342e-04 1.333873e-01 -2.006421e-01 -6.725453e-02 6.757849e-02 1.330633e-01 -6.725478e-02 2.006421e-01 -1.330633e-01 4.670531e-03 
1.403220e+00 2.805302e+00 1.412777e-03 1.235919e+00 1.738096e+00 4.543676e+00 1.759517e+00 6.281773e+00 1.739510e+00 4.948843e-05 1.272986e-01 -1.915322e-01 -6.423329e-02 6.428190e-02 1.272500e-01 -6.423355e-02 1.915322e-01 -1.272500e-01 5.731928e-03 
1.403219e+00 2.806532e+00 -4.381090e-04 1.235298e+00 1.738717e+00 4.544906e+00 1.758896e+00 6.283623e+00 1.738279e+00 -1.861937e-04 1.182284e-01 -1.779465e-01 -5.971784e-02 5.953075e-02 1.184155e-01 -5.971810e-02 1.779465e-01 -1.184155e-01 7.125738e-03 
1.403216e+00 2.807658e+00 -2.133668e-03 1.234728e+00 1.739283e+00 4.546036e+00 1.758327e+00 6.285319e+00 1.737150e+00 -3.652013e-04 1.066609e-01 -1.606102e-01 -5.394903e-02 5.358290e-02 1.070271e-01 -5.394930e-02 1.606102e-01 -1.070271e-01 8.715252e-03 
1.403212e+00 2.808658e+00 -3.640304e-03 1.234222e+00 1.739785e+00 4.547040e+00 1.757820e+00 6.286826e+00 1.736145e+00 -4.787881e-04 9.310497e-02 -1.402857e-01 -4.718046e-02 4.670071e-02 9.358472e-02 -4.718074e-02 1.402857e-01 -9.358472e-02 1.036354e-02 
1.403207e+00 2.809515e+00 -4.932033e-03 1.233787e+00 1.740215e+00 4.547902e+00 1.757386e+00 6.288117e+00 1.735283e+00 -5.262024e-04 7.808369e-02 -1.177577e-01 -3.967371e-02 3.914651e-02 7.861090e-02 -3.967400e-02 1.177577e-01 -7.861090e-02 1.194455e-02 
1.403202e+00 2.810217e+00 -5.990703e-03 1.233430e+00 1.740567e+00 4.548609e+00 1.757029e+00 6.289176e+00 1.734576e+00 -5.134634e-04 6.211638e-02 -9.380564e-02 -3.168895e-02 3.117444e-02 6.263089e-02 -3.168926e-02 9.380564e-02 -6.263089e-02 1.335652e-02 
1.403197e+00 2.810756e+00 -6.805915e-03 1.233154e+00 1.740838e+00 4.549153e+00 1.756753e+00 6.289991e+00 1.734032e+00 -4.518749e-04 4.570544e-02 -6.918410e-02 -2.347834e-02 2.302537e-02 4.615841e-02 -2.347866e-02 6.918411e-02 -4.615841e-02 1.452839e-02 
1.403193e+00 2.811131e+00 -7.374549e-03 1.232960e+00 1.741027e+00 4.549532e+00 1.756559e+00 6.290560e+00 1.733653e+00 -3.559257e-04 2.932743e-02 -4.460912e-02 -1.528135e-02 1.492429e-02 2.968450e-02 -1.528168e-02 4.460912e-02 -2.968450e-02 1.542233e-02 
1.403190e+00 2.811344e+00 -7.700386e-03 1.232848e+00 1.741137e+00 4.549748e+00 1.756446e+00 6.290886e+00 1.733437e+00 -2.414242e-04 1.341571e-02 -2.073204e-02 -7.315985e-03 7.073378e-03 1.365832e-02 -7.316330e-03 2.073205e-02 -1.365832e-02 1.603349e-02 
1.403188e+00 2.811402e+00 -7.793489e-03 1.232813e+00 1.741170e+00 4.549808e+00 1.756411e+00 6.290979e+00 1.733377e+00 -1.237086e-04 -1.636929e-03 1.856672e-03 2.201034e-04 -3.450395e-04 -1.511988e-03 2.197454e-04 -1.856669e-03 1.511987e-03 1.638550e-02 
1.403187e+00 2.811315e+00 -7.669274e-03 1.232850e+00 1.741132e+00 4.549722e+00 1.756449e+00 6.290855e+00 1.733463e+00 -1.600123e-05 -1.549394e-02 2.265112e-02 7.157547e-03 -7.174820e-03 -1.547666e-02 7.157177e-03 -2.265111e-02 1.547666e-02 1.652295e-02 
1.403187e+00 2.811097e+00 -7.347799e-03 1.232953e+00 1.741029e+00 4.549504e+00 1.756552e+00 6.290533e+00 1.733682e+00 7.140388e-05 -2.787897e-02 4.123591e-02 1.335732e-02 -1.328723e-02 -2.794906e-02 1.335694e-02 -4.123591e-02 2.794906e-02 1.650545e-02 
1.403188e+00 2.810764e+00 -6.853026e-03 1.233115e+00 1.740869e+00 4.549169e+00 1.756713e+00 6.290038e+00 1.734016e+00 1.319493e-04 -3.857121e-02 5.727929e-02 1.870848e-02 -1.857788e-02 -3.870180e-02 1.870809e-02 -5.727929e-02 3.870180e-02 1.639829e-02 
1.403190e+00 2.810332e+00 -6.211464e-03 1.233325e+00 1.740661e+00 4.548736e+00 1.756923e+00 6.289397e+00 1.734449e+00 1.628067e-04 -4.741450e-02 7.054681e-02 2.313271e-02 -2.297129e-02 -4.757592e-02 2.313231e-02 -7.054681e-02 4.757592e-02 1.626484e-02 
1.403192e+00 2.809822e+00 -5.451634e-03 1.233574e+00 1.740413e+00 4.548224e+00 1.757172e+00 6.288637e+00 1.734962e+00 1.647039e-04 -5.431335e-02 8.089526e-02 2.658232e-02 -2.641903e-02 -5.447664e-02 2.658191e-02 -8.089525e-02 5.447664e-02 1.616121e-02 
1.403193e+00 2.809252e+00 -4.603452e-03 1.233853e+00 1.740135e+00 4.547653e+00 1.757451e+00 6.287789e+00 1.735532e+00 1.412615e-04 -5.922933e-02 8.826730e-02 2.903839e-02 -2.889856e-02 -5.936915e-02 2.903798e-02 -8.826730e-02 5.936915e-02 1.613114e-02 
1.403194e+00 2.808644e+00 -3.696323e-03 1.234151e+00 1.739838e+00 4.547043e+00 1.757750e+00 6.286882e+00 1.736142e+00 9.813031e-05 -6.218176e-02 9.269239e-02 3.051105e-02 -3.041436e-02 -6.227844e-02 3.051063e-02 -9.269238e-02 6.227844e-02 1.620331e-02 
1.403195e+00 2.808015e+00 -2.758980e-03 1.234460e+00 1.739530e+00 4.546414e+00 1.758058e+00 6.285944e+00 1.736772e+00 4.232150e-05 -6.324101e-02 9.427663e-02 3.103604e-02 -3.099518e-02 -6.328187e-02 3.103562e-02 -9.427663e-02 6.328187e-02 1.639124e-02 
1.403195e+00 2.807385e+00 -1.819504e-03 1.234769e+00 1.739221e+00 4.545783e+00 1.758368e+00 6.285005e+00 1.737402e+00 -1.889569e-05 -6.252309e-02 9.319466e-02 3.067199e-02 -3.069235e-02 -6.250273e-02 3.067157e-02 -9.319465e-02 6.250273e-02 1.669287e-02 
1.403195e+00 2.806770e+00 -9.033968e-04 1.235071e+00 1.738919e+00 4.545169e+00 1.758669e+00 6.284089e+00 1.738016e+00 -7.882507e-05 -6.018170e-02 8.967759e-02 2.949631e-02 -2.957659e-02 -6.010142e-02 2.949589e-02 -8.967758e-02 6.010142e-02 1.709508e-02 
1.403194e+00 2.806186e+00 -3.322438e-05 1.235357e+00 1.738632e+00 4.544586e+00 1.758955e+00 6.283219e+00 1.738599e+00 -1.317232e-04 -5.640240e-02 8.400421e-02 2.760224e-02 -2.773541e-02 -5.626922e-02 2.760182e-02 -8.400421e-02 5.626922e-02 1.757560e-02 
1.403192e+00 2.805646e+00 7.707613e-04 1.235621e+00 1.738367e+00 4.544048e+00 1.759219e+00 6.282415e+00 1.739138e+00 -1.734870e-04 -5.139823e-02 7.649448e-02 2.509666e-02 -2.527158e-02 -5.122331e-02 2.509625e-02 -7.649447e-02 5.122331e-02 1.810589e-02 
1.403190e+00 2.805161e+00 1.491671e-03 1.235857e+00 1.738128e+00 4.543565e+00 1.759455e+00 6.281694e+00 1.739620e+00 -2.017115e-04 -4.539941e-02 6.749389e-02 2.209489e-02 -2.229801e-02 -4.519628e-02 2.209447e-02 -6.749388e-02 4.519628e-02 1.865638e-02 
1.403188e+00 2.804741e+00 2.116647e-03 1.236061e+00 1.737922e+00 4.543146e+00 1.759660e+00 6.281069e+00 1.740039e+00 -2.157242e-04 -3.864183e-02 5.735634e-02 1.871491e-02 -1.893203e-02 -3.842471e-02 1.871451e-02 -5.735634e-02 3.842471e-02 1.920000e-02 
1.403186e+00 2.804390e+00 2.636186e-03 1.236230e+00 1.737751e+00 4.542798e+00 1.759829e+00 6.280549e+00 1.740387e+00 -2.164231e-04 -3.136626e-02 4.644291e-02 1.507705e-02 -1.529485e-02 -3.114846e-02 1.507666e-02 -4.644291e-02 3.114846e-02 1.971321e-02 
1.403184e+00 2.804114e+00 3.044158e-03 1.236362e+00 1.737617e+00 4.542524e+00 1.759961e+00 6.280141e+00 1.740661e+00 -2.059223e-04 -2.381275e-02 3.511352e-02 1.130117e-02 -1.150843e-02 -2.360548e-02 1.130078e-02 -3.511352e-02 2.360548e-02 2.017856e-02 
1.403182e+00 2.803914e+00 3.338139e-03 1.236456e+00 1.737521e+00 4.542326e+00 1.760055e+00 6.279847e+00 1.740859e+00 -1.871371e-04 -1.620605e-02 2.370505e-02 7.499387e-03 -7.687837e-03 -1.601760e-02 7.499004e-03 -2.370505e-02 1.601760e-02 2.058612e-02 
1.403180e+00 2.803790e+00 3.518992e-03 1.236513e+00 1.737463e+00 4.542203e+00 1.760111e+00 6.279666e+00 1.740982e+00 -1.634514e-04 -8.755596e-03 1.253135e-02 3.776135e-03 -3.940871e-03 -8.590855e-03 3.775761e-03 -1.253135e-02 8.590854e-03 2.093302e-02 
1.403179e+00 2.803738e+00 3.590523e-03 1.236532e+00 1.737441e+00 4.542153e+00 1.760131e+00 6.279595e+00 1.741032e+00 -1.382064e-04 -1.654151e-03 1.881303e-03 2.275206e-04 -3.669833e-04 -1.514683e-03 2.271543e-04 -1.881300e-03 1.514683e-03 2.122264e-02 
1.403177e+00 2.803755e+00 3.559198e-03 1.236518e+00 1.737454e+00 4.542171e+00 1.760116e+00 6.279626e+00 1.741014e+00 -1.143877e-04 4.933141e-03 -7.997639e-03 -3.064137e-03 2.948519e-03 5.048764e-03 -3.064495e-03 7.997642e-03 -5.048764e-03 2.146339e-02 
1.403176e+00 2.803834e+00 3.433809e-03 1.236472e+00 1.737499e+00 4.542252e+00 1.760071e+00 6.279752e+00 1.740933e+00 -9.440603e-05 1.086764e-02 -1.689772e-02 -6.029721e-03 5.934110e-03 1.096326e-02 -6.030072e-03 1.689772e-02 -1.096326e-02 2.166744e-02 
1.403175e+00 2.803970e+00 3.225071e-03 1.236399e+00 1.737572e+00 4.542388e+00 1.759997e+00 6.279960e+00 1.740797e+00 -7.988668e-05 1.603746e-02 -2.465122e-02 -8.613417e-03 8.532348e-03 1.611853e-02 -8.613762e-03 2.465123e-02 -1.611853e-02 2.184856e-02 
1.403175e+00 2.804152e+00 2.945004e-03 1.236301e+00 1.737668e+00 4.542572e+00 1.759900e+00 6.280240e+00 1.740614e+00 -7.164640e-05 2.036202e-02 -3.113738e-02 -1.077502e-02 1.070221e-02 2.043484e-02 -1.077536e-02 3.113739e-02 -2.043484e-02 2.202057e-02 
1.403174e+00 2.804374e+00 2.606747e-03 1.236185e+00 1.737784e+00 4.542794e+00 1.759783e+00 6.280579e+00 1.740391e+00 -6.970963e-05 2.378937e-02 -3.627824e-02 -1.248853e-02 1.241768e-02 2.386023e-02 -1.248887e-02 3.627825e-02 -2.386023e-02 2.219606e-02 
1.403173e+00 2.804625e+00 2.224065e-03 1.236053e+00 1.737915e+00 4.543046e+00 1.759652e+00 6.280961e+00 1.740140e+00 -7.344898e-05 2.629544e-02 -4.003767e-02 -1.374189e-02 1.366730e-02 2.637003e-02 -1.374222e-02 4.003767e-02 -2.637003e-02 2.238513e-02 
1.403172e+00 2.804897e+00 1.810605e-03 1.235911e+00 1.738056e+00 4.543318e+00 1.759510e+00 6.281375e+00 1.739867e+00 -8.173536e-05 2.788421e-02 -4.242151e-02 -1.453697e-02 1.445411e-02 2.796707e-02 -1.453730e-02 4.242151e-02 -2.796707e-02 2.259480e-02 
1.403172e+00 2.805180e+00 1.379878e-03 1.235764e+00 1.738203e+00 4.543602e+00 1.759362e+00 6.281805e+00 1.739583e+00 -9.311549e-05 2.858382e-02 -4.347188e-02 -1.488773e-02 1.479349e-02 2.867806e-02 -1.488806e-02 4.347188e-02 -2.867806e-02 2.282877e-02 
1.403171e+00 2.805466e+00 9.452123e-04 1.235615e+00 1.738351e+00 4.543889e+00 1.759213e+00 6.282240e+00 1.739296e+00 -1.060308e-04 2.844478e-02 -4.326440e-02 -1.481929e-02 1.471214e-02 2.855194e-02 -1.481962e-02 4.326440e-02 -2.855194e-02 2.308731e-02 
1.403169e+00 2.805746e+00 5.186331e-04 1.235469e+00 1.738496e+00 4.544171e+00 1.759067e+00 6.282667e+00 1.739015e+00 -1.190210e-04 2.753540e-02 -4.190142e-02 -1.436569e-02 1.424554e-02 2.765555e-02 -1.436602e-02 4.190142e-02 -2.765555e-02 2.336829e-02 
1.403168e+00 2.806014e+00 1.107795e-04 1.235329e+00 1.738634e+00 4.544440e+00 1.758927e+00 6.283075e+00 1.738745e+00 -1.307687e-04 2.594030e-02 -3.950975e-02 -1.356912e-02 1.343722e-02 2.607220e-02 -1.356945e-02 3.950976e-02 -2.607220e-02 2.366736e-02 
1.403167e+00 2.806263e+00 -2.686919e-04 1.235198e+00 1.738763e+00 4.544690e+00 1.758797e+00 6.283454e+00 1.738495e+00 -1.403162e-04 2.375586e-02 -3.623388e-02 -1.247769e-02 1.233624e-02 2.389731e-02 -1.247802e-02 3.623388e-02 -2.389731e-02 2.397865e-02 
1.403165e+00 2.806488e+00 -6.115271e-04 1.235080e+00 1.738880e+00 4.544916e+00 1.758678e+00 6.283797e+00 1.738269e+00 -1.470697e-04 2.108816e-02 -3.223290e-02 -1.114440e-02 1.099619e-02 2.123638e-02 -1.114474e-02 3.223290e-02 -2.123638e-02 2.429578e-02 
1.403164e+00 2.806683e+00 -9.113629e-04 1.234976e+00 1.738983e+00 4.545114e+00 1.758574e+00 6.284097e+00 1.738072e+00 -1.507973e-04 1.804591e-02 -2.766984e-02 -9.623588e-03 9.471633e-03 1.819787e-02 -9.623926e-03 2.766985e-02 -1.819787e-02 2.461285e-02 
1.403162e+00 2.806848e+00 -1.163540e-03 1.234888e+00 1.739069e+00 4.545279e+00 1.758486e+00 6.284349e+00 1.737906e+00 -1.516165e-04 1.473941e-02 -2.271015e-02 -7.970398e-03 7.817610e-03 1.489220e-02 -7.970740e-03 2.271015e-02 -1.489220e-02 2.492465e-02 
1.403161e+00 2.806978e+00 -1.364827e-03 1.234817e+00 1.739139e+00 4.545411e+00 1.758415e+00 6.284550e+00 1.737774e+00 -1.499250e-04 1.127979e-02 -1.752059e-02 -6.240446e-03 6.089336e-03 1.143091e-02 -6.240792e-03 1.752059e-02 -1.143091e-02 2.522707e-02 
1.403159e+00 2.807073e+00 -1.513699e-03 1.234763e+00 1.739191e+00 4.545508e+00 1.758362e+00 6.284699e+00 1.737678e+00 -1.463040e-04 7.772377e-03 -1.225916e-02 -4.486431e-03 4.338927e-03 7.919888e-03 -4.486782e-03 1.225916e-02 -7.919888e-03 2.551761e-02 
1.403158e+00 2.807133e+00 -1.610227e-03 1.234727e+00 1.739226e+00 4.545569e+00 1.758326e+00 6.284796e+00 1.737616e+00 -1.414598e-04 4.314396e-03 -7.071786e-03 -2.757032e-03 2.614357e-03 4.457077e-03 -2.757387e-03 7.071789e-03 -4.457078e-03 2.579531e-02 
1.403157e+00 2.807160e+00 -1.655834e-03 1.234708e+00 1.739243e+00 4.545597e+00 1.758306e+00 6.284841e+00 1.737588e+00 -1.361101e-04 9.962251e-04 -2.094083e-03 -1.097496e-03 9.601551e-04 1.133572e-03 -1.097855e-03 2.094086e-03 -1.133572e-03 2.606056e-02 
1.403155e+00 2.807154e+00 -1.653210e-03 1.234705e+00 1.739245e+00 4.545593e+00 1.758303e+00 6.284839e+00 1.737592e+00 -1.309116e-04 -2.103188e-03 2.555470e-03 4.526481e-04 -5.848048e-04 -1.971025e-03 4.522851e-04 -2.555467e-03 1.971025e-03 2.631490e-02 
1.403154e+00 2.807119e+00 -1.606140e-03 1.234717e+00 1.739232e+00 4.545559e+00 1.758315e+00 6.284791e+00 1.737627e+00 -1.264121e-04 -4.917800e-03 6.777764e-03 1.860334e-03 -1.988004e-03 -4.790124e-03 1.859967e-03 -6.777762e-03 4.790124e-03 2.656076e-02 
1.403153e+00 2.807057e+00 -1.519349e-03 1.234741e+00 1.739206e+00 4.545498e+00 1.758340e+00 6.284705e+00 1.737687e+00 -1.229997e-04 -7.393096e-03 1.049099e-02 3.098270e-03 -3.222540e-03 -7.268821e-03 3.097900e-03 -1.049099e-02 7.268820e-03 2.680101e-02 
1.403152e+00 2.806972e+00 -1.398229e-03 1.234778e+00 1.739168e+00 4.545415e+00 1.758376e+00 6.284584e+00 1.737771e+00 -1.208921e-04 -9.488465e-03 1.363422e-02 4.146134e-03 -4.268307e-03 -9.366286e-03 4.145760e-03 -1.363422e-02 9.366286e-03 2.703860e-02 
1.403150e+00 2.806868e+00 -1.248672e-03 1.234824e+00 1.739121e+00 4.545312e+00 1.758422e+00 6.284434e+00 1.737873e+00 -1.201379e-04 -1.117683e-02 1.616684e-02 4.990384e-03 -5.111811e-03 -1.105540e-02 4.990008e-03 -1.616684e-02 1.105540e-02 2.727628e-02 
1.403149e+00 2.806750e+00 -1.076986e-03 1.234877e+00 1.739067e+00 4.545195e+00 1.758475e+00 6.284262e+00 1.737990e+00 -1.206350e-04 -1.244362e-02 1.806698e-02 5.623738e-03 -5.745670e-03 -1.232168e-02 5.623360e-03 -1.806697e-02 1.232168e-02 2.751637e-02 
1.403148e+00 2.806621e+00 -8.894857e-04 1.234936e+00 1.739007e+00 4.545067e+00 1.758534e+00 6.284075e+00 1.738118e+00 -1.221711e-04 -1.328708e-02 1.933204e-02 6.045340e-03 -6.168813e-03 -1.316360e-02 6.044961e-03 -1.933203e-02 1.316360e-02 2.776052e-02 
1.403147e+00 2.806485e+00 -6.923801e-04 1.234997e+00 1.738944e+00 4.544933e+00 1.758596e+00 6.283878e+00 1.738252e+00 -1.244514e-04 -1.371712e-02 1.997691e-02 6.260174e-03 -6.385930e-03 -1.359136e-02 6.259794e-03 -1.997691e-02 1.359136e-02 2.800972e-02 
1.403145e+00 2.806348e+00 -4.918469e-04 1.235060e+00 1.738880e+00 4.544797e+00 1.758658e+00 6.283677e+00 1.738389e+00 -1.271461e-04 -1.375406e-02 2.003210e-02 6.278418e-03 -6.406871e-03 -1.362560e-02 6.278038e-03 -2.003209e-02 1.362560e-02 2.826420e-02 
1.403144e+00 2.806212e+00 -2.935974e-04 1.235122e+00 1.738817e+00 4.544662e+00 1.758720e+00 6.283479e+00 1.738524e+00 -1.299365e-04 -1.342700e-02 1.954127e-02 6.114653e-03 -6.245895e-03 -1.329575e-02 6.114272e-03 -1.954126e-02 1.329575e-02 2.852362e-02 
1.403143e+00 2.806080e+00 -1.027153e-04 1.235182e+00 1.738756e+00 4.544532e+00 1.758780e+00 6.283288e+00 1.738653e+00 -1.325334e-04 -1.277265e-02 1.855953e-02 5.787263e-03 -5.921099e-03 -1.263881e-02 5.786883e-03 -1.855953e-02 1.263881e-02 2.878717e-02 
1.403141e+00 2.805957e+00 7.620754e-05 1.235237e+00 1.738699e+00 4.544410e+00 1.758836e+00 6.283109e+00 1.738775e+00 -1.347109e-04 -1.183382e-02 1.715111e-02 5.317665e-03 -5.453675e-03 -1.169781e-02 5.317286e-03 -1.715110e-02 1.169781e-02 2.905367e-02 
1.403140e+00 2.805844e+00 2.391576e-04 1.235288e+00 1.738647e+00 4.544299e+00 1.758886e+00 6.282946e+00 1.738887e+00 -1.363212e-04 -1.065848e-02 1.538796e-02 4.729859e-03 -4.867475e-03 -1.052086e-02 4.729482e-03 -1.538796e-02 1.052086e-02 2.932176e-02 
1.403139e+00 2.805745e+00 3.829798e-04 1.235332e+00 1.738602e+00 4.544200e+00 1.758930e+00 6.282802e+00 1.738985e+00 -1.372936e-04 -9.296290e-03 1.334459e-02 4.048680e-03 -4.187262e-03 -9.157703e-03 4.048305e-03 -1.334459e-02 9.157703e-03 2.959017e-02 
1.403137e+00 2.805659e+00 5.053313e-04 1.235369e+00 1.738563e+00 4.544116e+00 1.758967e+00 6.282680e+00 1.739069e+00 -1.376341e-04 -7.797984e-03 1.109710e-02 3.299496e-03 -3.438411e-03 -7.659064e-03 3.299123e-03 -1.109710e-02 7.659063e-03 2.985773e-02 
1.403136e+00 2.805589e+00 6.045119e-04 1.235398e+00 1.738533e+00 4.544047e+00 1.758996e+00 6.282581e+00 1.739138e+00 -1.374130e-04 -6.215128e-03 8.722838e-03 2.508084e-03 -2.646770e-03 -6.076436e-03 2.507713e-03 -8.722835e-03 6.076436e-03 3.012350e-02 
1.403135e+00 2.805535e+00 6.796096e-04 1.235419e+00 1.738511e+00 4.543995e+00 1.759017e+00 6.282506e+00 1.739191e+00 -1.367449e-04 -4.597269e-03 6.296106e-03 1.699208e-03 -1.837218e-03 -4.459253e-03 1.698840e-03 -6.296103e-03 4.459253e-03 3.038683e-02 
1.403133e+00 2.805497e+00 7.304735e-04 1.235432e+00 1.738496e+00 4.543958e+00 1.759030e+00 6.282455e+00 1.739227e+00 -1.357753e-04 -2.990339e-03 3.885792e-03 8.958222e-04 -1.032854e-03 -2.853301e-03 8.954560e-04 -3.885789e-03 2.853301e-03 3.064746e-02 
1.403132e+00 2.805475e+00 7.575930e-04 1.235437e+00 1.738490e+00 4.543937e+00 1.759035e+00 6.282428e+00 1.739248e+00 -1.346582e-04 -1.437268e-03 1.556279e-03 1.193781e-04 -2.552844e-04 -1.301356e-03 1.190142e-04 -1.556276e-03 1.301356e-03 3.090538e-02 
1.403131e+00 2.805468e+00 7.620623e-04 1.235434e+00 1.738491e+00 4.543932e+00 1.759032e+00 6.282423e+00 1.739254e+00 -1.335381e-04 2.381160e-05 -6.352460e-04 -6.110702e-04 4.762919e-04 1.585954e-04 -6.114318e-04 6.352490e-04 -1.585957e-04 3.116088e-02 
1.403129e+00 2.805475e+00 7.455033e-04 1.235425e+00 1.738499e+00 4.543940e+00 1.759023e+00 6.282440e+00 1.739245e+00 -1.325390e-04 1.360835e-03 -2.640698e-03 -1.279500e-03 1.145729e-03 1.494613e-03 -1.279860e-03 2.640701e-03 -1.494613e-03 3.141441e-02 
1.403128e+00 2.805495e+00 7.099962e-04 1.235409e+00 1.738514e+00 4.543961e+00 1.759007e+00 6.282475e+00 1.739224e+00 -1.317530e-04 2.546993e-03 -4.419869e-03 -1.872515e-03 1.739536e-03 2.679978e-03 -1.872873e-03 4.419872e-03 -2.679978e-03 3.166659e-02 
1.403127e+00 2.805525e+00 6.579699e-04 1.235387e+00 1.738534e+00 4.543993e+00 1.758986e+00 6.282527e+00 1.739192e+00 -1.312361e-04 3.561653e-03 -5.941815e-03 -2.379804e-03 2.247348e-03 3.694115e-03 -2.380160e-03 5.941818e-03 -3.694115e-03 3.191804e-02 
1.403125e+00 2.805565e+00 5.920900e-04 1.235361e+00 1.738558e+00 4.544034e+00 1.758960e+00 6.282593e+00 1.739151e+00 -1.310077e-04 4.390847e-03 -7.185588e-03 -2.794383e-03 2.662160e-03 4.523076e-03 -2.794738e-03 7.185590e-03 -4.523076e-03 3.216936e-02 
1.403124e+00 2.805612e+00 5.152224e-04 1.235332e+00 1.738587e+00 4.544083e+00 1.758930e+00 6.282670e+00 1.739102e+00 -1.310538e-04 5.026370e-03 -8.138875e-03 -3.112149e-03 2.979884e-03 5.158640e-03 -3.112503e-03 8.138878e-03 -5.158641e-03 3.242109e-02 
1.403123e+00 2.805665e+00 4.302982e-04 1.235300e+00 1.738618e+00 4.544137e+00 1.758898e+00 6.282755e+00 1.739048e+00 -1.313343e-04 5.465933e-03 -8.798243e-03 -3.331955e-03 3.199412e-03 5.598481e-03 -3.332308e-03 8.798246e-03 -5.598481e-03 3.267361e-02 
